batched strategy
strategy uses node id cache: false
time: 195.695344543
accuracy: 0.13777911053699943
time: 140.994666525
error: 0.13685643107584422
time: 164.897457257
error: 0.13632589038568
time: 181.156297656
error: 0.13667189518361322
time: 185.768951918
error: 0.13685643107584422
